Hand	Equity	EV	Bet 0.49	Check
AsAhJh	43.889	0.157	0	100.000	
AsQhTc	41.467	0.073	0	100.000	
Kd7s6h	44.413	0.192	0.038	99.962	
Kh6c4h	45.161	0.213	0.726	99.274	
QcJc4d	44.643	0.186	0.051	99.949	
Jd9c7c	45.474	0.212	1.984	98.016	
TdTh4s	45.746	0.204	0.001	99.999	
9c6d6h	43.616	0.187	0.002	99.998	
6s6h5c	46.874	0.224	7.153	92.847	
4h3h2s	49.368	0.283	41.656	58.344	
AsKc2d	42.452	0.174	0.087	99.913	
AcJh3s	44.226	0.164	0.001	99.999	
AsJc2s	44.706	0.184	0.142	99.858	
AsTh8h	42.442	0.144	0	100.000	
AsTs5h	45.213	0.194	0.063	99.937	
AdTh2c	43.301	0.153	0.002	99.998	
Ad9c6d	42.810	0.190	0.032	99.968	
Ac5s5d	44.871	0.237	12.019	87.981	
KcJd8c	42.870	0.135	0	100.000	
Ks8h5c	44.183	0.168	0.113	99.887	
Kh7d4d	45.251	0.202	0.004	99.996	
QdJh7h	45.215	0.192	0.119	99.881	
QsTd6c	43.376	0.149	0.189	99.811	
Qd9c6d	45.053	0.172	0.001	99.999	
Qd9h5d	46.430	0.178	0.003	99.997	
JhTs9h	43.280	0.156	0.001	99.999	
TdTc8s	43.568	0.183	0.002	99.998	
8c7h3d	46.565	0.197	0.041	99.959	
8h3c2s	45.230	0.170	0.005	99.995	
7c5h4s	49.966	0.262	21.087	78.913
Td5c4d	48.886	0.233	1.353	98.647
8d7d5c	48.710	0.244	11.615	88.385
Tc5h3h	48.308	0.227	0.255	99.745
5d5h4d	48.046	0.264	34.395	65.605
8d6h4d	47.651	0.231	4.558	95.442
Js7s3h	47.498	0.214	0.234	99.766
9c5h4c	47.211	0.224	1.028	98.972
9h8s7h	47.197	0.233	6.875	93.125
Th7c2d	45.940	0.188	0.008	99.991
8c6h2c	45.839	0.201	0.251	99.749
9h4c2h	45.722	0.210	0.341	99.659
9d3d2c	45.362	0.202	0.136	99.864
Kc5d3h	45.312	0.205	0.002	99.998
8h3d2s	45.230	0.170	0.002	99.998
9d4c2h	45.132	0.185	0.043	99.957
Jc9d8c	44.935	0.208	0.995	99.005
AdJd6h	44.775	0.174	0.002	99.998
Js8d3h	44.688	0.155	0	100.000
AsQc5s	44.584	0.193	0.238	99.762
QhJd9h	44.582	0.204	0.479	99.521
Ah9h5h	44.559	0.233	7.708	92.292
QcJd4h	44.245	0.176	0.001	99.999
9h6s6c	43.616	0.187	0.002	99.998
AcTsTd	43.471	0.188	0.003	99.997
AhQs7c	43.446	0.171	0.005	99.995
KhJc4s	43.418	0.150	0.025	99.974
KcQh4s	43.290	0.156	0.007	99.993
KcJc9s	43.077	0.190	0.128	99.872
KdQdJs	42.864	0.143	0	100.000
KdTc2s	42.006	0.150	0.001	99.999
4s3h2s	49.343	0.283	41.657	58.343	
7h4d3c	49.271	0.261	21.749	78.251	
5s4h2h	48.993	0.258	21.132	78.868	
Ts5s3c	48.328	0.229	0.922	99.078	
7h4d2h	48.012	0.237	5.500	94.500	
Jh6h5c	47.749	0.223	1.924	98.076	
8d6h4d	47.651	0.231	4.558	95.442	
Qs7h4s	46.994	0.223	1.306	98.694	
9h8s7d	46.723	0.229	7.938	92.062	
As5d4d	46.668	0.237	4.068	95.932	
Td7d6h	46.288	0.202	0.070	99.931	
4s4d2c	45.978	0.217	4.602	95.398	
Tc8c6h	45.833	0.205	1.125	98.875	
AsTs5s	45.818	0.233	4.115	95.885	
Ad5s2c	45.787	0.236	8.062	91.938	
Tc7h6s	45.734	0.184	0.003	99.997	
8d8h5s	45.516	0.202	0.157	99.843	
6s6d2h	45.482	0.210	0.928	99.072	
Qh3c3h	45.242	0.200	0	100.000	
Kh7c3h	45.159	0.207	0.101	99.899	
Tc9h6c	45.142	0.204	1.646	98.354	
8d8h4h	45.133	0.201	0.002	99.998	
9s4d2h	45.132	0.185	0.049	99.951	
Tc9s3c	45.057	0.189	0.026	99.974	
AsTh5h	44.846	0.183	0.008	99.992	
8s8d3s	44.742	0.196	0.003	99.996	
QdJh9h	44.530	0.205	0.593	99.407	
Ah7d2d	44.482	0.211	0.124	99.876	
Kc6h3h	44.360	0.192	0.002	99.998	
9s8c2d	44.270	0.154	0	100.000	
AsTs2c	44.263	0.178	0.007	99.993	
AsAh4s	44.243	0.175	0.005	99.995	
AsTd6d	44.002	0.158	0.002	99.998	
QsQhJd	43.836	0.170	0	100.000	
Ts8d8c	43.423	0.169	0.001	99.999	
JdJc9s	43.192	0.184	0.002	99.998	
Ac8h2c	43.074	0.192	0.001	99.999	
AsKc6c	43.046	0.165	0.007	99.993	
KsQc6d	42.877	0.150	0.004	99.996	
As9h6s	42.810	0.191	0.056	99.944	
Ah9c3h	42.647	0.190	0.100	99.900	
JcTs9h	42.638	0.135	0	100.000	
AsKh2c	42.452	0.174	0.134	99.866	
AdKc6s	42.404	0.154	0.005	99.995	
KhQc8s	41.733	0.121	0.001	99.999	
